883

Cousensus paginarum et versuum Editionis nostrae cum sectionibus Editionis

Bekk.

598. 1 1
601. 1 2
602. 5 3
ult. 4
603. 5 5
11 6.

20 7

uh. 8
604. 6 9
16 10

20 11
pen. 12
605. 6 13
15 14

21 15
antep.16
606. 3 17
10 18

20 19
antep.20
607. 6 21
12 22

17 23
pen. 24
608. 8 25
15 26

20 27

24 28
609. 1 29
4 30

10 31

14 32

23 33
610. 4 34
10 35

15 36

23 37
antep.38
611. 4 39
11 40

16 41

22 42
antep.43
612. 5 44
14 45

19 46

25 47
613. 3 48
12 49

18 50

αΗ. 51
614. 7 57
13 53

19 54

27 55
autep.56
615. 3 57

 

Bekkeranae in oratione de Pet-mutatione.

Bekk.

615.11 58
17 59

22 60

26 61
pen. 62
616. 6 63
. 13 64
16 65

22 66
617. 1 67
10 68

15 69

21 70

30 71
pen. 72
618.13 73
19 74

23 75

31 76
619. 3 77
10 78

19 79

24 80

ult. 81
620. 8 82
12 83

21 84

26’ 85

33 86
621. 2 87
6 88

13 89

23 90

29 91

ult. 92
622. 7 93
12 94

18 95

25 96

30 97
623. 1 98
7 99

13 100

18 101

23 102

29 103
624. 3 104
6 105

11 106

18 107

27 108
625. 4 109
10 110

19 111

27 112
626. 1 113
11 114

Bekk.

626.17
24
28
627. 5
15
. 21
25
peu.
628. 7
17
24
29
629. 4
12
18
26
30
630. 1
7
12
17
24
30
631. 3
13
20
28
632. 5
11
19
29
633. 1
8
15
21
28
634. 2
6
14
21
25
635. 5
13
17
23
uh.
636. 7
13
20
27
uh.
637. 8
14
21
26
638. 3

115
116
117
118
119
120
121
122
123
124
125
126
127
128
129
130
131
132
133
134
135
136
137
138
139
140
141
142
143
144
145
146
147
148
149
150
151
152
153
154
155
156
157
158
159
160
161
162
163
164
165
166
167
168
169
170
171

13ekk.

638.17
25
29

639. 8
16
22
640. 2
11
15
22
26
. 34
641. 1

ο

lo
22
29
34
642. 3
8
13
20
26
ΠΗ.
643. 5
13
21
25
644. 3
9
13
25
31
645. 5
17
20
26
30
pen.
646. 8
13
18
24
31
pen.
647. 4
11
16
21
26
32
648. 1
6
12
18
23

177
173
171
175
176
177
178
179
180
181
187
183
184
185
186
187
188
189
190
191
192
193
194
195
196
197
198
199
700
701
707
203
704
205
706
707
708
709
710
7ιι
717
713
714
215
716
717
718
719
770
771
222
223
774-
225
776
777
778

